Hamburg [ 9.36999989 53.31999969 10.56999969 53.84999847]
Dresden [13.43000031 50.88000107 14.17999935 51.22999954]
Berlin [12.76000023 52.22999954 13.97999763 52.81999969]
Leipzig [12.02000046 50.97999954 12.91999912 51.59000015]
Hannover [9.18000031 52.06999969 10.14999866 52.66999817]
Muenchen [11.06000042 47.79999924 11.99999905 48.41999817]
Paris [1.98000002 48.66999817  2.73999906 49.02999878]
London [-0.59999973 51.28000259 0.41999421 51.70000076]
Copenhagen [12.25000095 55.55387115 12.68693638 55.84999847]
Erfurt [10.85000038 50.76000214 11.26999855 51.18999863]
